46132030005000
46132030006000
46132030007000
46132030008000
46132030009000
46132030010000
46132030011000
46132030012000
46132030013000
46132030014000
46132030015000
46132030016000
46132030017000
46132030018000
46132030019000
46132030020000
46132030021000
46132040054000
46132040055000
46132040056000
46132040057000
46132040058000
46132040059000
46132040060000
46132040061000
46132040062000
46132040063000
46132040064000
46132040066000
46132040067000
46132040068000
46132040069000
46132040070000
46132040071000
46132040072000
46132040073000
46132040074000
46132040075000
46132040076000
46132040077000
46132040078000
46132040079000
46132040080000
46132040081000
46132040082000
46132040083000
46132040084000
46132040085000
46132040086000
46132040087000
46132040088000
46132040089000
46132040090000
46132040091000
46132040092000
46132040093000
46132040094000
46132040095000
46132040096000
46132040097000
46132040098000
46132040099000
46132040100000
46132050001000
46132050003002
46132050004002
46132050005002
46132050006000
46132050047000
46132060001000
46132060002000
46132060003000
46132060004000
46132060005000
46132060006000
46132060007000
46132060008000
46132060009000
46132060010001
46132060012002
46132060014000
46132060015000
46132060016000
46133020377000
46133020378000
46133020379000
46133020380000
46133020381002
46133020383000
46133020385000
46133020386000
46133020387002
46133020388002
46133020389000
46133020390002
46133020392000
46133020393000
46133020394002
46133020396000
46133020397000
46133020398000
46133020399000
46133020400000
46133020401000
46133020613000
46133020617000
46133020618000
46133020619000
46133020620002
46133030977002
46132030022000
46132030023000
46132030024000
46132030025000
46132030026000
46132070015000
46132070016000
46132070017000
46132070018000
46132070019000
46132070020000
46132070021000
46132070022000
46132070023000
46132070024000
46132070025000
46132070026000
46132070027000
46132070028000
46132070029000
46132070030000
46133020361000
46133020362000
46133020363000
46133020364000
46133020365000
46133020366000
46133020368002
46133020370000
46133020371002
46133020372002
46133020374000
46133020375002
46133020402000
46133020403000
46133020404000
46133020405000
46133020406002
46133020408000
46133020409000
46133020410002
46132070031000
46132990001001
46132990001002
46132990002000
46132990003002
46132990003003
46132990003004
46132990005000
46132990006000
46132990007000
46132990008000
46132990009000
46132990010000
46132990012000
46133010001000
46133010013002
46133010015000
46133010016000
46133010018000
46133010019000
46133010021000
46133010022000
46133010026000
46132030027000
46132030028000
46132030029000
46132030030000
46132030031000
46132030032000
46132030033000
46132030034000
46132030035000
46132030036000
46132030037000
46132030039002
46132030041000
46132030042000
46132030043000
46132030044000
46132030045000
46132030046000
46132030047000
46132030048000
46132030049000
46132040050000
46132040051000
46132040052000
46132040053000
46133030978000
46133030979002
46133030981000
46133030982000
46133030983002
46133030985002
46133030987000
46133030988002
46133030989002
46133030990000
46133030992000
46133030994001
46133030996000
46132060017000
46132060018000
46132060019000
46132060020000
46132060021000
46132060022000
46132060023000
46132060024000
46132060025000
46132060026000
46132060027000
46132060028000
46132060029000
46132070001000
46132070002000
46132070003000
46132070004000
46132070005000
46132070006000
46132070007000
46132070008000
46132070009000
46132070010000
46132070011000
46132070012000
46132070013000
46132070014000
46133010028000
46133010031000
46133010033000
46133010034000
46133010036000
46133010039000
46133010041000
46133010042000
46133010043000
46133010085000
46133010087000
46133010089000
46133010091000
46133010092000
46133010093002
46133010095003
46133010096002
46133010098000
46133010099000
46133010102000
46133010104000
46133010105000
46133010106000
46133010108002
46133010109000
46133010111000
46133010112000
46133010114000
46133010115000
46133010119001
46133010121000
46133010122000
46133010123000
46133010125002
46133010126000
46133010127000
46133010128000
46133010129000
46133010130000
46133010131000
46133010132000
46133010133000
46133010134001
46133010136001
46133010137001
46133010139000
46133010141000
46133010142000
46133010143000
46133010144000
46133010145000
46133010146000
46133020728000
46133020730000
46133030875000
46133030878000
46133030879004
46133030882000
46133030884000
46133030885000
46133030887005
46133030888000
46133030889002
46133030890002
46133030891002
46133030893002
46133030895000
46133030896002
46133030898000
46133030899002
46133030901002
46133030903002
46133030906000
46133030907002
46133030909002
46133030912000
46133030914000
46133030916000
46133030918000
46133030920000
46133030923000
46133030924000
46133030925000
46133030926000
46133030927002
46133030929000
46133030930000
46133030931002
46133030932002
46133030934000
46133030935000
46133030936000
46133030937000
46133030938000
46133030939000
46133030940000
46133030942000
46133030943000
46133030944000
46134041839000
46134051910002
46134051911000
46134051912002
46134051913002
46134051914002
46134051915002
46134051916002
46134051917002
46134051918002
46134051919002
46134051920002
46134051921001
46134062098000
46134062099000
46134062100000
46134062101000
46134062102000
46134062103000
46134062104000
46134062105000
46134062106000
46134062107000
46134062108000
46134062109000
46134062110000
46134062111000
46134062112000
46134990001000
46134990002000
46134990003001
46134990003004
46134990008000
46135011922000
46135011923000
46135011924000
46135011925000
46135011926000
46135011927000
46135011928000
46135011929000
46135011930002
46135011932000
46135011933000
46135011934000
46135011935000
46135011936000
46135011937000
46133010147002
46133010150000
46133010151000
46133010152000
46133010153000
46133010154000
46133010155001
46133010156002
46133010158000
46133010159000
46133010160000
46133010161000
46133010162002
46133010164000
46133010165000
46133010166000
46133010167002
46133010170000
46133010171002
46133010173000
46133010174000
46133010175000
46133010176000
46133010178000
46133010179000
46133010180000
46133010182001
46133010184000
46133010185000
46133010186000
46133010187000
46133010188000
46133010189000
46133010191002
46133010193002
46133010195000
46133010196000
46133010197000
46133010198000
46133010199000
46133010200000
46133010201000
46133010202000
46133010204000
46133010211000
46133010218000
46133010222000
46133010224000
46133010225000
46133010228001
46133010231001
46133010235000
46133010237000
46133010242000
46133010244000
46133020297000
46133020299000
46133020300000
46133020301000
46133020302000
46133020303000
46133020305002
46133020306000
46133020307002
46133020308002
46133020310000
46133020312002
46133020314000
46133020315002
46133020317000
46133020318000
46133020319000
46133020320000
46133020321000
46133020323002
46133020325000
46133020326000
46133020327000
46133020328000
46133020330002
46133020331002
46133020333000
46133020334002
46133020336000
46133020337000
46133020339000
46133020341000
46133020344000
46133020345000
46133020346000
46133020347000
46133020348000
46133020350002
46133020352002
46133020354000
46133020355002
46133020357000
46133020358000
46133020359002
46133020412000
46133020415000
46133020416000
46133020417000
46133020418000
46133020419000
46133020420000
46133020421000
46133020422000
46133020423002
46133020425002
46133020426002
46133020427002
46133020429000
46133020430000